0
2.04
4.08
6.12
8.16
10.2
12.24
14.280000000000001
16.32
18.36
20.4
22.44
24.48
26.52
28.560000000000002
30.6
32.64
34.68
36.72
38.76
40.8
42.84
44.88
46.92
48.96
51.0
53.04
55.08
57.120000000000005
59.160000000000004
61.2
63.24
65.28
67.32000000000001
69.36
71.4
73.44
75.48
77.52
79.56
81.6
83.64
85.68
87.72
89.76
91.8
93.84
95.88
97.92
99.96000000000001
102.0
104.04
106.08
108.12
110.16
112.2
114.24000000000001
116.28
118.32000000000001
120.36
122.4
124.44
126.48
128.52
130.56
132.6
134.64000000000001
136.68
138.72
140.76
142.8
144.84
146.88
148.92000000000002
150.96
153.0
155.04
157.08
159.12
161.16
163.2
165.24
167.28
169.32
171.36
173.4
175.44
177.48
179.52
181.56
183.6
185.64000000000001
187.68
189.72
191.76
193.8
195.84
197.88
199.92000000000002
201.96
204.0
206.04
208.08
210.12
212.16
214.20000000000002
216.24
218.28
220.32
222.36
224.4
226.44
228.48000000000002
230.52
232.56
234.6
236.64000000000001
238.68
240.72
242.76
244.8
246.84
248.88
250.92000000000002
252.96
255.0
257.04
259.08
261.12
263.16
265.2
267.24
269.28000000000003
271.32
273.36
275.4
277.44
279.48
281.52
283.56
285.6
287.64
289.68
291.72
293.76
295.8
297.84000000000003
299.88
301.92
303.96
306.0
308.04
310.08
312.12
314.16
316.2
318.24
320.28000000000003
322.32
324.36
326.4
328.44
330.48
332.52
334.56
336.6
338.64
340.68
342.72
344.76
346.8
348.84000000000003
350.88
352.92
354.96
357.0
359.04
361.08
363.12
365.16
367.2
369.24
371.28000000000003
373.32
375.36
377.40000000000003
379.44
381.48
383.52
385.56
387.6
389.64
391.68
393.72
395.76
397.8
399.84000000000003
401.88
403.92
405.96
408.0
410.04
412.08
414.12
416.16
418.2
420.24
422.28000000000003
424.32
426.36
428.40000000000003
430.44
432.48
434.52
436.56
438.6
440.64
442.68
444.72
446.76
448.8
450.84000000000003
452.88
454.92
456.96000000000004
459.0
461.04
463.08
465.12
467.16
469.2
471.24
473.28000000000003
475.32
477.36
479.40000000000003
481.44
483.48
485.52
487.56
489.6
491.64
493.68
495.72
497.76
499.8
501.84000000000003
503.88
505.92
507.96000000000004
510.0
512.04
514.08
516.12
518.16
520.2
522.24
524.28
526.32
528.36
530.4
532.44
534.48
536.52
538.5600000000001
540.6
542.64
544.6800000000001
546.72
548.76
550.8
552.84
554.88
556.92
558.96
561.0
563.04
565.08
567.12
569.16
571.2
573.24
575.28
577.32
579.36
581.4
583.44
585.48
587.52
589.5600000000001
591.6
593.64
595.6800000000001
597.72
599.76
601.8
603.84
605.88
607.92
609.96
612.0
614.04
616.08
618.12
620.16
622.2
624.24
626.28
628.32
630.36
632.4
634.44
636.48
638.52
640.5600000000001
642.6
644.64
646.6800000000001
648.72
650.76
652.8
654.84
656.88
658.92
660.96
663.0
665.04
667.08
669.12
671.16
673.2
675.24
677.28
679.32
681.36
683.4
685.44
687.48
689.52
691.5600000000001
693.6
695.64
697.6800000000001
699.72
701.76
703.8000000000001
705.84
707.88
709.92
711.96
714.0
716.04
718.08
720.12
722.16
724.2
726.24
728.28
730.32
732.36
734.4
736.44
738.48
740.52
742.5600000000001
744.6
746.64
748.6800000000001
750.72
752.76
754.8000000000001
756.84
758.88
760.92
762.96
765.0
767.04
769.08
771.12
773.16
775.2
777.24
779.28
781.32
783.36
785.4
787.44
789.48
791.52
793.5600000000001
795.6
797.64
799.6800000000001
801.72
803.76
805.8000000000001
807.84
809.88
811.92
813.96
816.0
818.04
820.08
822.12
824.16
826.2
828.24
830.28
832.32
834.36
836.4
838.44
840.48
842.52
844.5600000000001
846.6
848.64
850.6800000000001
852.72
854.76
856.8000000000001
858.84
860.88
862.92
864.96
867.0
869.04
871.08
873.12
875.16
877.2
879.24
881.28
883.32
885.36
887.4
889.44
891.48
893.52
895.5600000000001
897.6
899.64
901.6800000000001
903.72
905.76
907.8000000000001
909.84
911.88
913.9200000000001
915.96
918.0
920.04
922.08
924.12
926.16
928.2
930.24
932.28
934.32
936.36
938.4
940.44
942.48
944.52
946.5600000000001
948.6
950.64
952.6800000000001
954.72
956.76
958.8000000000001
960.84
962.88
964.9200000000001
966.96
969.0
971.04
973.08
975.12
977.16
979.2
981.24
983.28
985.32
987.36
989.4
991.44
993.48
995.52
997.5600000000001
999.6
1001.64
1003.6800000000001
1005.72
1007.76
1009.8000000000001
1011.84
1013.88
1015.9200000000001
1017.96
1020.0
1022.04
1024.08
1026.1200000000001
1028.16
1030.2
1032.24
1034.28
1036.32
1038.3600000000001
1040.4
1042.44
1044.48
1046.52
1048.56
1050.6
1052.64
1054.68
1056.72
1058.76
1060.8
1062.84
1064.88
1066.92
1068.96
1071.0
1073.04
1075.08
1077.1200000000001
1079.16
1081.2
1083.24
1085.28
1087.32
1089.3600000000001
1091.4
1093.44
1095.48
1097.52
1099.56
1101.6
1103.64
1105.68
1107.72
1109.76
1111.8
1113.84
1115.88
1117.92
1119.96
1122.0
1124.04
1126.08
1128.1200000000001
1130.16
1132.2
1134.24
1136.28
1138.32
1140.3600000000001
1142.4
1144.44
1146.48
1148.52
1150.56
1152.6
1154.64
1156.68
1158.72
1160.76
1162.8
1164.84
1166.88
1168.92
1170.96
1173.0
1175.04
1177.08
1179.1200000000001
1181.16
1183.2
1185.24
1187.28
1189.32
1191.3600000000001
1193.4
1195.44
1197.48
1199.52
1201.56
1203.6
1205.64
1207.68
1209.72
1211.76
1213.8
1215.84
1217.88
1219.92
1221.96
1224.0
1226.04
1228.08
1230.1200000000001
1232.16
1234.2
1236.24
1238.28
1240.32
1242.3600000000001
1244.4
1246.44
1248.48
1250.52
1252.56
1254.6
1256.64
1258.68
1260.72
1262.76
1264.8
1266.84
1268.88
1270.92
1272.96
1275.0
1277.04
1279.08
1281.1200000000001
1283.16
1285.2
1287.24
1289.28
1291.32
1293.3600000000001
1295.4
1297.44
1299.48
1301.52
1303.56
1305.6
1307.64
1309.68
1311.72
1313.76
1315.8
1317.84
1319.88
1321.92
1323.96
1326.0
1328.04
1330.08
1332.1200000000001
1334.16
1336.2
1338.24
1340.28
1342.32
1344.3600000000001
1346.4
1348.44
1350.48
1352.52
1354.56
1356.6000000000001
1358.64
1360.68
1362.72
1364.76
1366.8
1368.84
1370.88
1372.92
1374.96
1377.0
1379.04
1381.08
1383.1200000000001
1385.16
1387.2
1389.24
1391.28
1393.32
1395.3600000000001
1397.4
1399.44
1401.48
1403.52
1405.56
1407.6000000000001
1409.64
1411.68
1413.72
1415.76
1417.8
1419.84
1421.88
1423.92
1425.96
1428.0
1430.04
1432.08
1434.1200000000001
1436.16
1438.2
1440.24
1442.28
1444.32
1446.3600000000001
1448.4
1450.44
1452.48
1454.52
1456.56
1458.6000000000001
1460.64
1462.68
1464.72
1466.76
1468.8
1470.84
1472.88
1474.92
1476.96
1479.0
1481.04
1483.08
1485.1200000000001
1487.16
1489.2
1491.24
1493.28
1495.32
1497.3600000000001
1499.4
1501.44
1503.48
1505.52
1507.56
1509.6000000000001
1511.64
1513.68
1515.72
1517.76
1519.8
1521.84
1523.88
1525.92
1527.96
1530.0
1532.04
1534.08
1536.1200000000001
1538.16
1540.2
1542.24
1544.28
1546.32
1548.3600000000001
1550.4
1552.44
1554.48
1556.52
1558.56
1560.6000000000001
1562.64
1564.68
1566.72
1568.76
1570.8
1572.84
1574.88
1576.92
1578.96
