000000000000000000000000000000000000000000000000000000000000000000000000
0.2
0.4
0.6000000000000001
0.8
1.0
1.2000000000000002
1.4000000000000001
1.6
1.8
2.0
2.2
2.4000000000000004
2.6
2.8000000000000003
3.0
3.2
3.4000000000000004
3.6
3.8000000000000003
4.0
4.2
4.4
4.6000000000000005
4.800000000000001
5.0
5.2
5.4
5.6000000000000005
5.800000000000001
6.0
6.2
6.4
6.6000000000000005
6.800000000000001
7.0
7.2
7.4
7.6000000000000005
7.800000000000001
8.0
8.200000000000001
8.4
8.6
8.8
9.0
9.200000000000001
9.4
9.600000000000001
9.8
10.0
10.200000000000001
10.4
10.600000000000001
10.8
11.0
11.200000000000001
11.4
11.600000000000001
11.8
12.0
12.200000000000001
12.4
12.600000000000001
12.8
13.0
13.200000000000001
13.4
13.600000000000001
13.8
14.0
14.200000000000001